1000
886 383
915 777
335 793
492 386
421 649
27 362
59 690
926 763
426 540
736 172
368 211
429 567
530 782
123 862
135 67
802 929
58 22
167 69
456 393
42 11
373 229
919 421
537 784
324 198
370 315
526 413
980 91
873 956
170 862
281 996
925 305
327 84
505 336
729 846
857 313
895 124
545 582
367 814
364 434
750 43
808 87
178 276
584 788
651 403
399 754
60 932
368 676
12 739
586 226
539 94
570 795
378 434
601 467
902 97
492 317
756 652
280 301
441 286
689 865
619 444
729 440
117 31
771 97
675 481
927 709
856 567
353 497
965 586
683 306
624 219
871 528
829 732
19 503
368 270
715 708
149 340
723 796
245 618
451 846
555 921
488 379
228 764
350 841
500 193
764 34
914 124
856 987
491 743
365 227
936 859
551 432
228 437
407 275
121 474
395 858
237 29
793 235
428 818
11 143
529 928
404 776
763 443
538 613
840 606
818 904
688 128
917 369
996 917
743 324
183 470
499 490
725 772
590 644
139 505
786 954
82 669
464 542
507 197
804 355
611 348
828 622
343 299
568 746
422 340
810 311
801 605
730 661
305 878
736 320
626 444
465 522
416 708
258 282
637 924
624 62
36 600
899 452
550 379
71 468
131 973
930 881
894 933
163 660
981 199
996 899
773 959
668 813
95 190
466 926
340 84
684 90
542 376
107 936
756 445
418 179
412 887
172 348
9 659
210 336
587 342
301 206
372 713
255 321
599 819
904 721
811 939
667 940
228 705
150 127
658 984
224 920
269 422
81 396
84 630
972 292
850 672
385 625
299 222
42 640
713 898
190 298
590 524
581 209
336 819
155 732
4 994
769 379
776 273
255 850
142 860
884 579
205 993
567 621
613 504
754 961
259 326
202 944
506 202
21 784
868 842
189 528
908 872
498 958
808 36
248 753
333 303
648 133
754 890
746 567
529 368
46 500
797 788
990 249
33 303
497 363
892 253
125 686
996 152
188 975
729 157
460 436
921 414
304 460
27 28
748 50
902 556
697 794
43 699
2 39
403 428
681 500
538 647
151 159
134 535
692 339
127 215
629 504
964 49
429 285
335 343
900 177
971 238
289 949
988 367
795 292
144 743
390 829
340 682
569 541
232 826
42 261
117 360
761 23
309 81
425 190
367 996
234 677
626 690
57 524
168 614
358 205
386 312
346 100
994 726
552 916
529 578
290 946
970 647
80 51
593 631
627 857
886 312
355 214
90 512
479 412
969 610
274 189
641 355
433 620
888 987
566 338
284 770
417 856
260 606
237 849
59 205
518 217
783 945
458 873
637 873
483 289
478 607
314 757
729 471
459 100
438 618
388 25
233 74
681 157
358 493
699 270
839 417
363 569
794 622
847 173
462 431
390 682
791 292
115 57
157 521
491 574
951 947
21 231
740 537
30 54
325 98
516 81
2 516
139 231
404 796
580 338
21 218
862 970
379 812
685 977
904 536
483 176
759 207
744 857
911 499
950 127
560 236
105 818
49 563
711 244
934 805
375 291
614 955
768 589
918 993
882 805
982 822
30 717
574 93
593 126
253 486
74 543
713 814
377 179
775 762
919 88
732 710
17 294
235 346
691 137
943 153
328 573
291 925
18 710
836 217
55 963
858 90
904 130
661 571
685 633
73 789
851 604
250 805
503 868
6 485
639 195
120 949
226 967
677 763
981 596
560 865
955 36
518 770
342 211
196 532
321 379
984 270
427 172
40 234
72 283
830 398
347 63
30 950
714 573
522 59
924 47
435 82
204 232
443 954
486 898
278 640
262 159
683 262
848 41
324 723
122 272
335 154
457 821
747 365
776 171
218 269
703 701
933 653
959 907
806 728
720 797
308 84
698 334
376 991
715 898
171 52
559 189
10 506
224 16
539 109
378 0
53 109
114 81
989 338
67 426
223 147
231 787
122 532
875 281
179 850
254 590
131 350
857 813
181 494
603 81
433 720
181 982
415 487
825 296
722 404
551 892
32 297
181 134
415 506
708 57
999 595
297 962
776 483
977 154
587 309
382 932
266 21
860 563
211 682
86 685
930 285
583 990
476 314
820 116
525 892
839 528
490 525
360 136
643 618
928 337
621 582
955 310
225 888
570 815
853 437
722 8
350 783
97 657
126 827
71 269
149 651
528 910
398 639
610 888
577 393
976 890
552 199
87 931
99 777
566 657
17 952
735 641
298 368
195 184
805 776
428 266
528 954
593 308
197 278
672 555
445 774
325 0
283 997
127 412
421 382
334 693
334 439
159 421
957 985
761 354
972 762
716 541
850 852
482 662
217 399
173 154
506 15
364 851
263 790
172 491
537 37
828 859
280 871
856 987
341 590
352 970
511 665
517 69
83 361
112 351
506 300
667 638
489 364
154 32
875 104
141 679
538 412
636 969
956 170
760 844
814 649
314 465
886 326
39 183
535 969
621 152
790 393
109 289
673 631
735 264
295 548
313 877
198 833
355 949
793 155
156 468
933 960
286 823
358 171
140 677
181 245
990 761
50 323
954 100
364 75
624 42
919 659
844 289
238 469
976 551
19 383
343 133
956 304
475 981
11 666
912 967
729 192
868 902
2 131
207 174
216 718
377 183
472 487
957 573
125 62
797 933
418 496
153 141
474 726
393 980
948 485
30 305
559 29
160 898
424 562
280 719
902 641
480 10
583 726
140 789
723 708
557 938
431 493
220 710
690 905
391 613
270 638
667 421
671 829
743 180
899 95
88 24
386 154
232 569
710 969
30 373
663 433
279 587
649 94
351 499
464 339
330 742
515 86
915 349
881 186
634 11
387 133
287 722
643 773
742 519
244 354
139 124
63 259
353 418
269 712
404 705
799 733
819 734
435 315
853 87
450 669
802 487
562 837
610 89
960 205
911 704
829 557
816 403
821 892
605 522
579 443
528 361
447 378
45 700
787 882
551 899
386 589
426 353
794 948
506 36
92 107
664 417
820 921
166 480
354 994
437 123
484 933
312 317
17 931
165 709
608 156
745 69
422 995
295 171
559 569
676 801
571 652
925 340
172 743
89 91
566 527
812 878
196 50
333 124
186 213
370 499
568 794
141 115
639 342
263 437
590 198
202 939
631 513
257 128
571 804
683 346
225 138
540 495
972 421
634 226
725 158
952 356
472 645
339 446
883 111
661 603
542 825
339 216
344 174
330 596
294 267
757 13
860 519
292 650
876 832
990 279
635 953
598 295
741 107
570 937
540 976
801 584
800 83
609 492
440 496
763 939
304 735
606 873
523 164
349 251
530 751
704 339
986 165
625 302
591 79
407 547
131 484
919 561
53 931
427 528
819 494
581 543
768 123
639 187
438 643
394 988
680 320
486 98
752 18
98 463
10 695
179 505
66 142
425 98
978 472
966 853
748 797
272 547
86 516
159 912
900 877
197 553
3 932
951 35
498 107
154 49
906 861
3 334
784 325
797 428
633 763
560 115
14 381
897 185
97 100
329 408
313 349
634 879
914 316
775 585
986 765
626 930
616 892
569 629
409 752
515 366
833 395
776 428
613 847
300 26
786 62
763 629
508 100
416 397
982 775
540 544
826 320
565 518
499 794
546 134
853 908
303 62
842 686
534 432
810 807
869 834
815 596
696 984
382 324
451 465
361 716
37 343
861 187
981 602
88 360
620 879
293 941
628 924
708 135
942 162
996 870
466 163
500 811
487 515
332 234
950 290
633 693
880 339
293 494
854 213
444 382
323 475
751 738
873 951
465 811
681 168
683 813
977 499
14 535
769 464
107 346
391 72
411 740
587 623
836 57
439 793
620 281
371 114
418 371
534 596
764 883
697 567
67 800
335 674
490 433
132 457
529 949
690 523
147 292
349 629
422 335
968 140
255 43
766 339
936 25
260 653
220 52
204 957
983 287
721 540
997 826
127 205
728 878
170 169
798 227
563 520
660 221
616 883
223 267
292 382
35 511
563 553
862 608
895 768
660 198
376 968
173 9
887 503
673 254
481 57
929 823
44 396
280 942
209 12
747 855
366 854
759 134
742 281
401 973
171 638
958 413
422 899
755 484
90 661
71 780
603 923
320 0
942 0
12 952
807 504
358 759
894 525
158 117
90 636
626 560
973 614
865 937
421 748
409 620
400 863
786 832
833 4
356 458
410 127
631 368
128 569
446 341
458 374
10 605
165 901
867 989
926 490
238 732
705 699
562 0
832 457
461 348
807 17
497 169
538 569
139 128
470 18
392 585
542 280
533 754
743 707
550 400
485 21
720 788
140 190
647 634
983 325
694 461
630 142
63 191
320 520
538 554
492 142
422 930
685 34
94 308
708 780
802 644
784 545
87 522
157 925
602 735
548 492
986 296
840 530
51 49
956 512
654 589
872 448
482 428
88 557
337 576
220 797
694 139
14 5
282 782
869 523
15 236
884 417
299 353
754 724
236 350
292 710
158 242
23 164
721 641
569 111
260 410
902 790
147 955
89 916
439 781
17 958
375 806
511 901
978 674
377 265
976 566
161 669
833 134
